300000
102660
69679427
1 413 1
1 534 1
1 2340 1
1 2806 1
1 3059 1
1 3070 1
1 3294 1
1 3356 1
1 4056 1
1 4930 1
1 5255 1
1 6888 1
1 6946 1
1 6974 2
1 7296 1
1 7402 1
1 7405 1
1 7409 1
1 7544 1
1 7790 1
1 9085 1
1 9385 2
1 9959 1
1 9983 1
1 10126 1
1 10474 1
1 10787 1
1 11762 1
1 12610 1
1 12961 2
1 13359 1
1 13992 1
1 14255 1
1 14753 2
1 14815 1
1 14852 1
1 15503 1
1 15713 2
1 15886 1
1 16253 4
1 16385 2
1 16581 1
1 16743 1
1 16852 2
1 17654 4
1 17660 1
1 17820 1
1 18072 1
1 18200 1
1 18353 1
1 18566 1
1 18704 1
1 18990 1
1 22127 1
1 22128 1
1 22147 1
1 22291 1
1 22313 2
1 22872 1
1 23507 1
1 24489 1
1 24858 1
1 25611 2
1 25723 2
1 25724 1
1 25952 3
1 26114 1
1 26404 1
1 28051 1
1 28409 2
1 28410 1
1 29167 6
1 29176 3
1 29363 4
1 29609 1
1 30679 1
1 31013 1
1 31440 4
1 31586 1
1 31588 1
1 31745 2
1 31748 1
1 31943 1
1 32557 1
1 33023 1
1 33472 1
1 33946 2
1 34463 1
1 34498 1
1 34563 5
1 34784 1
1 34892 1
1 35491 1
1 35495 1
1 35542 1
1 37904 1
1 37961 1
1 38055 1
1 39124 2
1 39139 1
1 39144 1
1 39349 5
1 40235 1
1 40385 2
1 40479 1
1 41055 1
1 41062 2
1 41161 1
1 42526 1
1 42861 1
1 43569 1
1 43808 3
1 43981 1
1 43982 1
1 49517 1
1 49518 1
1 51749 4
1 52088 1
1 54197 1
1 56963 1
1 58669 1
1 63370 1
1 68127 1
1 78319 3
1 80416 7
1 82034 2
1 83139 1
1 83177 6
2 442 1
2 623 1
2 1020 1
2 1698 1
2 1700 1
2 1706 1
2 1894 2
2 1938 1
2 2006 1
2 2042 1
2 2188 1
2 2197 1
2 3193 1
2 3356 1
2 4203 1
2 4353 1
2 5244 1
2 5249 1
2 5796 1
2 5921 1
2 6003 1
2 6005 1
2 6111 1
2 6837 1
2 6870 1
2 7633 1
2 8428 1
2 8468 1
2 9316 1
2 9606 1
2 9746 1
2 10480 2
2 11334 1
2 12261 1
2 12263 1
2 12420 1
2 13153 1
2 13407 3
2 13850 1
2 14110 1
2 14631 1
2 14911 1
2 15722 1
2 15953 3
2 16287 1
2 16698 1
2 17981 1
2 18442 1
2 18536 1
2 20954 8
2 20957 2
2 21757 1
2 22128 1
2 22177 1
2 22442 1
2 22799 1
2 23507 1
2 23955 1
2 24007 1
2 24086 1
2 24218 1
2 24489 1
2 25701 1
2 25882 1
2 25896 1
2 25961 1
2 26310 1
2 26404 7
2 26406 1
2 26411 1
2 26693 1
2 27641 1
2 27798 4
2 28028 1
2 28543 1
2 28566 1
2 29718 1
2 29968 1
2 30008 1
2 30347 1
2 30417 1
2 30571 1
2 30797 1
2 30808 2
2 31615 1
2 31808 1
2 32113 1
2 32557 1
2 34414 1
2 35102 1
2 36035 1
2 36545 1
2 36576 1
2 37242 1
2 37607 1
2 38018 1
2 40691 1
2 40787 1
2 41050 1
2 42025 1
2 42329 1
2 43107 1
2 43984 1
2 44053 1
2 44382 1
2 90162 1
2 92098 1
2 99088 1
3 59 1
3 396 1
3 400 2
3 404 1
3 1002 1
3 1224 1
3 1630 1
3 2008 1
3 2331 1
3 2806 1
3 3017 1
3 3294 1
3 3769 1
3 4251 1
3 4322 1
3 4729 1
3 4732 1
3 4850 2
3 5065 1
3 5273 2
3 5367 1
3 5479 1
3 5560 1
3 5712 1
3 5713 1
3 5918 1
3 5922 4
3 6005 1
3 6111 1
3 6128 1
3 6140 1
3 6249 1
3 6265 1
3 6354 1
3 6435 1
3 6771 1
3 6889 1
3 7270 1
3 7468 1
3 7507 1
3 7681 1
3 7682 2
3 7692 1
3 8858 1
3 9085 5
3 9298 1
3 9377 1
3 9545 2
3 9643 1
3 10423 1
3 10510 1
3 10819 1
3 11403 1
3 11922 1
3 11956 1
3 12261 1
3 12726 1
3 12966 1
3 13177 1
3 13205 1
3 13553 1
3 13684 1
3 13966 1
3 14282 1
3 14304 1
3 14382 1
3 14395 1
3 14570 2
3 14592 1
3 14626 2
3 14668 1
3 14722 1
3 14881 1
3 14929 1
3 14999 3
3 15179 1
3 15402 1
3 15479 1
3 15900 3
3 16137 1
3 16160 1
3 16210 2
3 16253 1
3 16336 1
3 16776 1
3 17122 1
3 17127 1
3 17209 1
3 17726 1
3 18100 1
3 18118 1
3 18206 1
3 18284 1
3 18529 1
3 18788 1
3 18793 2
3 18806 1
3 18828 2
3 18832 1
3 18980 1
3 19027 1
3 19227 1
3 19824 1
3 21227 1
3 21238 2
3 21560 1
3 21924 1
3 22095 1
3 22142 1
3 22177 3
3 22442 3
3 22537 1
3 22645 1
3 23204 1
3 23237 1
3 23622 1
3 23744 1
3 23947 1
3 23969 1
3 24013 1
3 24269 3
3 24385 1
3 24788 1
3 25397 2
3 25600 1
3 25675 1
3 25728 1
3 25771 1
3 25896 1
3 25952 2
3 25956 1
3 26240 1
3 26703 1
3 26846 1
3 26898 1
3 27029 1
3 27141 1
3 27532 1
3 27673 1
3 28025 1
3 28051 1
3 28076 1
3 28295 1
3 28303 1
3 28459 1
3 29110 1
3 29175 2
3 29363 1
3 29399 1
3 29524 1
3 29654 1
3 29718 1
3 30172 1
3 30298 1
3 30354 1
3 30426 1
3 30496 1
3 30627 1
3 31002 1
3 31274 1
3 31588 1
3 32175 1
3 32566 1
3 33256 1
3 33550 1
3 33686 1
3 33724 1
3 33971 1
3 34388 1
3 34638 2
3 34770 1
3 34793 1
3 34837 1
3 34847 1
3 34853 3
3 35169 1
3 35176 2
3 35307 1
3 35560 2
3 35570 1
3 35579 1
3 35884 1
3 35946 1
3 35963 1
3 36009 1
3 36310 2
3 36915 1
3 36952 1
3 36987 1
3 36989 1
3 37404 1
3 37667 1
3 37851 1
3 37968 1
3 37975 1
3 38024 1
3 38056 1
3 38237 1
3 38321 1
3 38492 1
3 38516 1
3 39196 1
3 39414 1
3 39487 1
3 39663 3
3 39665 1
3 39720 1
3 39745 1
3 39785 1
3 39838 1
3 39844 1
3 39889 1
3 40144 1
3 40211 1
3 40460 1
3 40820 2
3 40931 1
3 41657 1
3 42357 1
3 43020 2
3 43223 2
3 43238 1
3 43244 1
3 43386 1
3 43395 1
3 43478 1
3 43545 1
3 43569 1
3 43676 1
3 43758 1
3 43985 1
3 44079 1
3 44239 2
3 44423 1
3 46141 3
3 50500 1
3 51342 1
3 52404 1
3 54752 6
3 58389 1
3 58927 1
3 64816 1
3 69136 1
3 72664 1
3 73577 1
3 75752 5
3 76689 1
3 78205 1
3 81862 7
3 82418 3
3 85291 1
3 88770 1
3 89126 2
3 89570 1
3 91021 1
3 91898 2
3 92098 2
3 92343 1
3 93303 2
3 95228 1
3 97308 1
3 98370 1
3 99224 1
3 100601 7
3 100629 2
3 101365 3
4 258 1
4 451 1
4 672 1
4 743 1
4 868 8
4 873 1
4 893 2
4 894 1
4 901 1
4 1098 1
4 1706 2
4 2008 1
4 2218 1
4 2543 3
4 3610 1
4 3901 1
4 4057 1
4 4206 1
4 5368 3
4 5668 1
4 5859 1
4 5975 1
4 6107 1
4 6111 1
4 6338 1
4 6771 1
4 7382 4
4 7477 1
4 7633 1
4 7681 1
4 7910 1
4 7984 1
4 8237 3
4 8361 1
4 8475 1
4 9059 1
4 9606 2
4 10155 1
4 10482 1
4 10496 1
4 10789 1
4 10934 1
4 12447 1
4 12467 2
4 12849 1
4 13154 1
4 13554 2
4 13851 1
4 13967 1
4 14007 1
4 14315 1
4 14570 1
4 15061 1
4 15123 1
4 15208 1
4 15227 5
4 15385 1
4 15442 1
4 15716 1
4 16753 1
4 16767 1
4 16776 1
4 17058 1
4 17209 1
4 17340 1
4 17654 1
4 17738 1
4 17792 1
4 17969 1
4 18002 1
4 18566 1
4 18705 1
4 18828 1
4 19677 1
4 19926 1
4 20073 1
4 21138 2
4 21139 1
4 21268 1
4 21930 2
4 21956 1
4 22924 1
4 23237 1
4 23774 1
4 24243 1
4 24269 4
4 24376 1
4 24491 1
4 25952 1
4 26404 1
4 26568 1
4 26637 1
4 26701 1
4 26703 1
4 26867 1
4 26987 1
4 27006 1
4 28035 4
4 28220 1
4 28409 1
4 29109 2
4 29718 1
4 30238 1
4 30298 1
4 30349 1
4 30426 1
4 30790 2
4 31013 1
4 31187 1
4 31605 1
4 31710 1
4 31807 1
4 32486 1
4 32779 1
4 33093 1
4 33678 1
4 34077 1
4 34560 1
4 34793 1
4 35052 1
4 36727 1
4 37037 1
4 37598 1
4 38260 1
4 38729 1
4 39018 3
4 39124 1
4 39487 1
4 39490 1
4 39663 1
4 39677 1
4 39844 3
4 40176 1
4 40446 1
4 40464 5
4 40653 1
4 40963 1
4 41174 1
4 42249 1
4 43165 1
4 43223 1
4 43873 1
4 43925 1
4 45238 1
4 45491 1
4 46162 2
4 50539 1
4 52115 1
4 52117 1
4 56534 1
4 61431 1
4 61436 1
4 61651 2
4 61971 1
4 65435 2
4 69747 3
4 73496 1
4 74577 1
4 76108 1
4 76135 1
4 76143 1
4 76288 1
4 82418 1
4 82523 1
4 92406 1
4 99107 3
4 99156 1
4 100601 3
4 101983 1
5 638 1
5 672 1
5 2570 2
5 4671 1
5 4673 2
5 7437 1
5 7468 1
5 8139 1
5 8858 1
5 8859 1
5 9485 1
5 10049 1
5 10132 1
5 10621 1
5 10757 1
5 10958 1
5 11131 1
5 11884 1
5 12262 1
5 12269 1
5 12435 1
5 13525 1
5 13757 1
5 13850 2
5 14442 1
5 14596 1
5 17034 1
5 17058 1
5 17340 1
5 17442 1
5 17654 2
5 18201 1
5 18428 1
5 18828 2
5 18830 1
5 20470 1
5 22130 1
5 22649 1
5 22713 1
5 23237 1
5 23318 1
5 23628 1
5 23869 1
5 26180 1
5 27024 1
5 27961 1
5 28171 1
5 28992 1
5 30087 1
5 30203 1
5 30347 3
5 30349 2
5 30354 2
5 30417 5
5 30425 2
5 30790 1
5 31845 1
5 33033 2
5 33169 1
5 34464 1
5 34498 1
5 35139 2
5 35560 3
5 36727 1
5 36961 2
5 37568 1
5 38105 1
5 38388 1
5 38737 1
5 39018 1
5 39487 3
5 39731 1
5 42589 1
5 42837 1
5 43758 1
5 43981 1
5 44045 1
5 44184 1
5 46159 2
5 48333 1
5 48956 1
5 49134 1
5 50678 1
5 51452 1
5 51555 1
5 52115 2
5 55898 1
5 58621 1
5 59547 1
5 60792 1
5 61686 1
5 64179 1
5 65540 1
5 73607 1
5 76265 1
5 77005 1
5 77559 1
5 79141 1
5 80111 1
5 81034 1
5 82418 1
5 83441 1
5 84606 1
5 84652 1
5 88294 1
5 91296 1
5 94558 1
5 94795 1
5 94921 1
5 100601 1
5 100637 1
5 100892 1
5 101079 1
6 451 1
6 458 1
6 903 1
6 1500 1
6 1907 1
6 1957 2
6 2275 1
6 2299 1
6 2331 1
6 2904 1
6 3356 1
6 3365 1
6 3802 1
6 3987 1
6 4346 1
6 4391 1
6 4640 2
6 4641 1
6 4850 1
6 5041 2
6 5118 1
6 5273 2
6 5370 1
6 5371 1
6 5479 2
6 5919 1
6 5922 2
6 5975 1
6 6249 1
6 6665 1
6 7225 2
6 7316 1
6 7338 1
6 7557 1
6 7633 3
6 7681 2
6 7684 2
6 8586 1
6 8641 1
6 8806 1
6 10937 1
6 11312 1
6 12015 1
6 12094 1
6 12318 1
6 12966 1
6 13359 1
6 13407 1
6 13481 1
6 14394 1
6 14395 1
6 14402 1
6 14570 2
6 14711 1
6 14720 1
6 14830 1
6 14873 2
6 14929 1
6 14977 1
6 14999 2
6 15227 1
6 15989 1
6 16708 1
6 16754 1
6 17002 3
6 17103 1
6 17414 1
6 17415 1
6 18063 1
6 18118 1
6 18214 1
6 18369 1
6 18442 1
6 18447 1
6 18920 1
6 19381 1
6 19859 1
6 20217 1
6 20330 1
6 20560 1
6 21228 1
6 21695 1
6 21927 1
6 22635 1
6 22826 1
6 22961 2
6 23216 2
6 23483 1
6 23512 1
6 23622 1
6 23792 1
6 23947 1
6 24172 2
6 24243 1
6 24355 1
6 24376 1
6 24489 1
6 25116 1
6 25430 1
6 25600 1
6 25744 1
6 25772 1
6 25896 1
6 25952 1
6 26703 2
6 26917 1
6 27551 1
6 27826 1
6 28409 1
6 29073 1
6 29117 1
6 30143 1
6 30148 1
6 30417 1
6 31431 1
6 31733 3
6 32012 3
6 33256 1
6 33472 1
6 33967 1
6 34892 1
6 35560 1
6 35877 1
6 35881 1
6 36309 1
6 36662 1
6 36731 1
6 36850 1
6 36961 1
6 37314 1
6 37479 1
6 37799 1
6 37851 1
6 37859 1
6 37869 2
6 37975 2
6 38055 1
6 38058 1
6 38075 1
6 38620 1
6 39137 1
6 39220 1
6 39605 1
6 39838 1
6 39844 1
6 39855 1
6 40133 1
6 40134 1
6 40144 1
6 40336 1
6 40382 2
6 40459 2
6 40460 2
6 40653 1
6 40870 1
6 40890 1
6 41055 1
6 41595 2
6 42644 1
6 42864 1
6 42921 3
6 42959 1
6 43390 1
6 43472 1
6 43546 1
6 44239 6
6 44333 1
6 52901 2
6 61208 1
6 65721 1
6 79245 6
6 79246 2
6 80185 4
6 83463 1
6 83962 1
6 94173 1
6 99156 1
6 102611 1
7 263 1
7 458 1
7 757 1
7 763 1
7 895 1
7 903 1
7 1224 1
7 1415 1
7 1463 1
7 1706 1
7 2008 1
7 2331 1
7 2395 1
7 2421 1
7 2460 1
7 2516 1
7 2631 1
7 2806 1
7 2900 1
7 2904 1
7 3365 1
7 3575 1
7 3610 3
7 3658 1
7 3716 1
7 3882 1
7 4003 1
7 4391 1
7 4613 1
7 4732 1
7 5020 1
7 5041 1
7 5042 1
7 5253 1
7 5279 1
7 5368 1
7 5576 1
7 5713 1
7 5766 1
7 5918 7
7 5922 2
7 5923 2
7 6005 2
7 6118 2
7 6284 1
7 6354 1
7 6488 1
7 6633 3
7 6665 1
7 6870 1
7 6889 1
7 7171 1
7 7418 1
7 7633 4
7 7681 2
7 7684 1
7 7802 1
7 7898 1
7 7963 1
7 7990 1
7 8539 1
7 8639 1
7 8805 1
7 9085 5
7 9175 1
7 9242 1
7 9434 1
7 9536 1
7 9633 1
7 9679 1
7 10100 1
7 10421 1
7 10450 1
7 10621 1
7 10757 1
7 10764 1
7 10914 1
7 11006 1
7 11645 1
7 11922 1
7 11956 1
7 12192 1
7 12253 1
7 12282 1
7 12317 1
7 12534 1
7 12612 1
7 12727 1
7 13006 1
7 13026 1
7 13101 1
7 13153 1
7 13628 1
7 13684 2
7 13866 1
7 14007 1
7 14034 1
7 14052 1
7 14109 1
7 14176 1
7 14207 1
7 14255 1
7 14261 1
7 14282 1
7 14316 1
7 14570 1
7 14720 1
7 14722 1
7 14815 1
7 14871 1
7 14977 1
7 14999 3
7 15054 1
7 15227 1
7 15317 1
7 15835 1
7 15900 1
7 16041 1
7 16156 1
7 16253 1
7 16314 1
7 16365 1
7 16367 1
7 16385 1
7 16596 1
7 16758 1
7 16767 1
7 16900 1
7 17002 3
7 17184 1
7 17212 1
7 17424 1
7 17486 1
7 17681 1
7 17800 1
7 17880 1
7 18053 1
7 18072 1
7 18174 1
7 18353 1
7 18447 1
7 18536 1
7 18566 1
7 18828 2
7 18930 1
7 18980 1
7 19020 1
7 19088 1
7 19755 1
7 20131 1
7 20185 1
7 20253 1
7 20439 1
7 20486 1
7 20796 1
7 20893 1
7 21228 1
7 21560 1
7 21583 1
7 21885 1
7 22034 1
7 22040 1
7 22088 1
7 22091 1
7 22442 1
7 22522 1
7 22645 1
7 22823 1
7 22873 1
7 22907 1
7 23237 1
7 23446 1
7 23701 1
7 23770 1
7 23780 1
7 24269 2
7 24286 1
7 24375 1
7 24385 6
7 24852 1
7 24958 1
7 25115 1
7 25391 2
7 25600 1
7 25952 1
7 26089 1
7 26368 1
7 26550 1
7 26898 1
7 27394 1
7 27606 1
7 27826 1
7 27961 1
7 27992 1
7 28007 1
7 28203 1
7 28471 1
7 28580 1
7 29088 1
7 29104 1
7 29110 1
7 29120 1
7 29399 1
7 29422 1
7 29427 1
7 29531 1
7 29718 1
7 29741 1
7 29755 1
7 29761 2
7 29818 1
7 29992 1
7 30087 1
7 30195 1
7 30298 3
7 30609 1
7 30790 1
7 30800 1
7 30871 1
7 31013 2
7 31262 1
7 31413 2
7 31431 1
7 31623 1
7 31688 1
7 31807 1
7 31808 1
7 32428 1
7 32465 1
7 32523 1
7 32526 1
7 32779 1
7 32960 1
7 33256 1
7 33332 1
7 33657 1
7 34067 1
7 34366 1
7 34522 1
7 34638 1
7 34888 1
7 34942 1
7 35047 1
7 35139 1
7 35169 1
7 35174 1
7 35560 1
7 35602 1
7 35653 1
7 36071 1
7 36283 1
7 36568 1
7 36975 1
7 36996 1
7 37154 1
7 37409 1
7 37599 1
7 37958 1
7 38055 1
7 38334 1
7 38370 1
7 38584 1
7 38686 1
7 38751 1
7 38827 1
7 38994 1
7 39018 1
7 39386 1
7 39484 1
7 39487 1
7 39585 1
7 39663 1
7 39665 1
7 39720 1
7 39844 2
7 39855 1
7 39865 2
7 40144 1
7 40219 1
7 40287 1
7 40399 2
7 40483 1
7 40653 1
7 40886 2
7 40924 1
7 41020 1
7 41050 1
7 41057 1
7 41700 1
7 42385 1
7 42606 4
7 42864 1
7 43082 1
7 43297 2
7 43356 1
7 43386 1
7 43390 1
7 43579 1
7 43925 1
7 44074 1
7 44239 1
7 44426 1
7 45054 2
7 46286 1
7 47665 2
7 47993 1
7 48927 1
7 49184 1
7 50683 1
7 51702 1
7 52387 1
7 53282 1
7 54131 1
7 54169 1
7 54752 1
7 61436 2
7 64816 1
7 70587 1
7 72560 1
7 73608 1
7 73609 1
7 76108 1
7 77181 1
7 77981 1
7 79246 1
7 80185 9
7 80960 2
7 81494 1
7 82315 1
7 82418 2
7 84282 1
7 84574 2
7 85940 1
7 86498 1
7 89312 1
7 90166 1
7 90191 1
7 90760 2
7 92835 1
7 94461 1
7 95496 1
7 97308 4
7 97547 1
7 99156 1
7 99672 1
7 100601 1
8 87 1
8 132 1
8 174 1
8 318 2
8 470 1
8 701 1
8 806 1
8 820 2
8 1355 2
8 1388 1
8 1457 1
8 1630 1
8 1664 1
8 1848 1
8 1907 1
8 2025 1
8 2043 1
8 2204 1
8 2240 1
8 2302 1
8 2304 1
8 2827 1
8 3059 1
8 3157 1
8 3365 1
8 3474 1
8 3610 1
8 3716 1
8 4203 2
8 4630 1
8 5253 5
8 5279 1
8 5576 1
8 5713 1
8 5746 1
8 5916 1
8 5922 2
8 6005 1
8 6024 1
8 6122 1
8 6128 1
8 6384 1
8 6488 2
8 6633 1
8 6759 1
8 6830 1
8 6870 1
8 6893 1
8 7077 1
8 7226 1
8 7338 1
8 7375 1
8 7382 1
8 7418 1
8 7437 1
8 7444 1
8 7661 1
8 7684 1
8 7695 1
8 7836 1
8 8180 1
8 8396 1
8 8554 1
8 8585 1
8 8638 1
8 9085 1
8 9264 1
8 9337 1
8 9537 1
8 9606 1
8 9659 1
8 9674 1
8 10185 1
8 11289 1
8 11312 1
8 11536 1
8 11711 1
8 11769 1
8 12019 1
8 12074 1
8 12180 1
8 12263 1
8 12282 2
8 12292 1
8 12370 1
8 12387 1
8 12434 1
8 12965 1
8 13003 1
8 13340 1
8 13359 1
8 13417 1
8 13481 1
8 13590 1
8 13603 1
8 13684 1
8 13706 1
8 13779 1
8 13814 1
8 14045 1
8 14207 1
8 14475 1
8 14644 1
8 14968 1
8 14993 1
8 14999 2
8 15108 1
8 15262 1
8 15268 1
8 15320 1
8 15583 1
8 15835 1
8 15961 1
8 16385 1
8 16485 1
8 17002 1
8 17209 1
8 17262 1
8 17358 1
8 18053 1
8 18063 1
8 18440 1
8 18447 2
8 18527 1
8 18828 2
8 18920 2
8 18930 1
8 19167 2
8 19601 1
8 20131 1
8 20298 1
8 20933 1
8 21156 1
8 21205 1
8 21314 1
8 21820 1
8 21925 1
8 22034 1
8 22091 1
8 22408 1
8 22444 2
8 22502 1
8 22606 1
8 22613 1
8 23237 1
8 23507 1
8 23521 2
8 23796 1
8 24013 1
8 24232 1
8 24269 3
8 24338 1
8 24385 1
8 24390 1
8 24410 1
8 24479 1
8 24660 1
8 25128 1
8 25677 1
8 25707 1
8 25723 1
8 25984 1
8 26134 1
8 26290 1
8 26301 1
8 26368 1
8 26694 1
8 26882 1
8 27147 1
8 27406 1
8 27515 1
8 27992 2
8 28051 1
8 28203 2
8 29226 1
8 29424 2
8 29549 1
8 29755 1
8 29892 1
8 29965 1
8 30077 1
8 30239 1
8 30298 2
8 30480 1
8 30496 1
8 30609 1
8 30964 2
8 30982 1
8 31270 1
8 31437 1
8 31631 1
8 31797 1
8 31808 1
8 32174 1
8 32286 1
8 32361 1
8 32450 1
8 32526 3
8 32747 1
8 32894 1
8 33115 1
8 33237 1
8 33253 1
8 33325 1
8 33472 1
8 33563 1
8 33640 1
8 33678 1
8 34366 1
8 34454 1
8 34494 1
8 34522 2
8 35373 1
8 35382 1
8 35436 1
8 35611 1
8 35755 1
8 35903 1
8 36419 1
8 36586 1
8 36814 1
8 36870 1
8 36947 1
8 36961 1
8 36998 1
8 37005 1
8 37247 1
8 37525 2
8 37529 1
8 38015 1
8 38017 1
8 38098 1
8 38420 1
8 38734 1
8 38804 1
8 38856 1
8 38860 1
8 39137 1
8 39384 1
8 39398 2
8 39487 1
8 39524 1
8 39645 1
8 39663 1
8 39844 6
8 39855 2
8 39865 1
8 39949 1
8 39965 1
8 40189 1
8 40283 1
8 40395 1
8 40446 1
8 40459 1
8 40460 1
8 40627 1
8 40651 1
8 40887 1
8 40924 1
8 41055 1
8 41565 1
8 41642 1
8 41689 1
8 41833 1
8 41872 1
8 41875 1
8 42053 1
8 42709 1
8 42767 1
8 43010 1
8 43092 1
8 43293 1
8 43297 2
8 43383 1
8 43395 1
8 43478 1
8 43546 1
8 43575 4
8 43579 1
8 43743 1
8 43768 1
8 44193 1
8 44385 1
8 44423 1
8 46286 1
8 47665 1
8 47993 1
8 48141 2
8 48303 1
8 49432 1
8 49437 1
8 51671 1
8 53336 1
8 53641 1
8 53856 1
8 54131 2
8 59296 1
8 61436 1
8 62204 1
8 64814 1
8 65348 1
8 65538 1
8 68716 1
8 69828 1
8 70630 1
8 70670 1
8 72677 1
8 74010 2
8 77941 1
8 79806 1
8 80185 8
8 81330 1
8 84282 2
8 91219 1
8 93966 2
8 95959 1
8 97547 1
8 98956 1
8 100213 1
9 66 2
9 103 1
9 365 1
9 400 1
9 603 1
9 806 1
9 844 1
9 868 2
9 956 1
9 1279 1
9 1355 1
9 1463 1
9 1821 1
9 1906 1
9 1912 1
9 1950 1
9 1980 1
9 2275 1
9 2349 1
9 2350 1
9 2394 1
9 2460 1
9 2577 1
9 2806 3
9 2817 1
9 2828 1
9 2854 1
9 2865 1
9 2914 1
9 3005 1
9 3017 1
9 3037 1
9 3096 1
9 3157 2
9 3177 1
9 3365 1
9 3575 2
9 3604 1
9 3610 2
9 3722 1
9 3861 1
9 3893 1
9 3922 1
9 3928 1
9 4003 1
9 4149 1
9 4181 1
9 4234 1
9 4272 1
9 4346 1
9 4505 1
9 4601 1
9 4861 2
9 5020 1
9 5083 1
9 5177 1
9 5311 1
9 5339 1
9 5496 1
9 5531 1
9 5628 1
9 5713 1
9 5847 1
9 5916 1
9 5918 1
9 5921 1
9 5922 5
9 5975 1
9 5982 1
9 6005 1
9 6122 1
9 6128 1
9 6194 1
9 6432 1
9 6488 1
9 6532 1
9 6633 3
9 6665 1
9 6771 1
9 6830 1
9 6870 1
9 6878 1
9 6889 1
9 6893 1
9 6996 1
9 7140 1
9 7250 1
9 7257 1
9 7480 1
9 7684 2
9 7802 1
9 7879 1
9 8120 1
9 8178 1
9 8237 1
9 8268 1
9 8586 2
9 8638 3
9 8639 2
9 8858 1
9 8987 1
9 9068 1
9 9085 7
9 9119 1
9 9175 1
9 9251 1
9 9361 1
9 9533 1
9 9535 3
9 9536 1
9 9578 1
9 9648 1
9 9679 1
9 10094 1
9 10421 1
9 10423 1
9 10437 1
9 10449 1
9 10567 1
9 10811 1
9 10819 2
9 10874 1
9 10877 1
9 10890 1
9 11312 1
9 11403 1
9 11443 1
9 11580 1
9 11712 1
9 11790 1
9 11894 1
9 11925 1
9 11949 1
9 12047 1
9 12197 1
9 12263 1
9 12313 1
9 12347 1
9 12399 1
9 12440 1
9 12506 1
9 12586 2
9 12728 1
9 12748 1
9 12877 1
9 13154 1
9 13165 2
9 13481 1
9 13554 1
9 13629 1
9 13680 1
9 13684 2
9 13909 1
9 13939 2
9 13992 2
9 14034 1
9 14224 1
9 14254 1
9 14255 2
9 14261 1
9 14313 1
9 14394 1
9 14480 1
9 14496 1
9 14621 1
9 14644 1
9 14720 1
9 14722 3
9 14852 1
9 14873 1
9 14903 1
9 14999 5
9 15138 1
9 15143 1
9 15227 1
9 15262 1
9 15269 1
9 15273 1
9 15318 1
9 15385 1
9 15442 1
9 15464 1
9 15517 1
9 15573 1
9 15695 1
9 15900 1
9 16082 1
9 16147 1
9 16156 1
9 16296 1
9 16367 1
9 16391 1
9 16459 1
9 16596 1
9 16606 1
9 16615 1
9 16753 1
9 16758 1
9 16767 2
9 16881 1
9 17226 1
9 17325 2
9 17654 2
9 17712 1
9 17799 1
9 18063 1
9 18121 1
9 18174 2
9 18447 1
9 18538 1
9 18560 3
9 18566 1
9 18667 1
9 18733 1
9 18790 1
9 18828 5
9 18832 1
9 18903 2
9 18920 1
9 18980 2
9 19266 1
9 19272 1
9 19288 1
9 19293 1
9 19297 1
9 19838 1
9 19956 1
9 20560 1
9 20609 1
9 20931 1
9 21039 1
9 21055 1
9 21151 2
9 21262 1
9 21290 1
9 21884 1
9 21925 1
9 21945 2
9 22064 1
9 22186 1
9 22442 2
9 22456 1
9 22530 1
9 22641 1
9 22823 1
9 22826 1
9 23068 1
9 23142 1
9 23237 2
9 23507 2
9 23509 2
9 23606 1
9 23617 1
9 23667 1
9 23855 1
9 24269 6
9 24286 2
9 24332 1
9 24375 1
9 24376 7
9 24385 4
9 24644 1
9 24852 1
9 24897 1
9 24958 1
9 25391 3
9 25397 1
9 25407 2
9 25430 1
9 25600 2
9 25771 1
9 25789 1
9 25828 1
9 25952 3
9 26404 1
9 26559 1
9 26615 2
9 26636 1
9 26701 3
9 26846 2
9 26852 1
9 26935 1
9 27606 2
9 27612 1
9 27634 2
9 27651 1
9 27665 1
9 27826 1
9 27992 2
9 28007 1
9 28009 1
9 28051 1
9 28186 1
9 28206 1
9 28321 1
9 28444 2
9 28459 1
9 28461 1
9 28563 1
9 28796 1
9 28858 1
9 29080 2
9 29113 1
9 29117 1
9 29232 1
9 29816 1
9 29818 2
9 29836 1
9 29992 1
9 30235 1
9 30260 1
9 30417 1
9 30665 1
9 30685 1
9 30790 2
9 30873 1
9 30882 1
9 30935 1
9 30936 1
9 31036 1
9 31041 1
9 31192 1
9 31363 1
9 31413 1
9 31588 1
9 31943 1
9 32096 1
9 32174 1
9 32176 1
9 32491 1
9 32523 1
9 32526 1
9 32583 1
9 33049 1
9 33264 1
9 33269 1
9 33472 1
9 33503 1
9 33612 1
9 33644 1
9 34010 1
9 34036 1
9 34072 1
9 34188 1
9 34235 1
9 34324 1
9 34385 1
9 34457 1
9 34527 1
9 34628 1
9 34631 1
9 34638 1
9 34732 1
9 34764 1
9 34775 1
9 34842 1
9 34942 1
9 35044 1
9 35169 1
9 35436 1
9 35465 1
9 35546 2
9 35560 3
9 35569 1
9 35603 1
9 35652 1
9 35883 1
9 35939 1
9 35941 1
9 36062 1
9 36074 1
9 36186 1
9 36309 1
9 36918 1
9 36921 2
9 36985 1
9 36987 1
9 37006 1
9 37100 1
9 37344 1
9 37404 2
9 37432 1
9 37448 1
9 37660 1
9 37844 2
9 37969 1
9 37975 2
9 38022 1
9 38065 1
9 38196 1
9 38321 1
9 38481 1
9 38492 2
9 38499 1
9 38594 1
9 38860 1
9 39033 1
9 39124 2
9 39487 2
9 39585 1
9 39586 1
9 39844 3
9 39944 1
9 39991 1
9 40287 1
9 40294 1
9 40333 1
9 40393 1
9 40399 2
9 40459 1
9 40464 1
9 40568 1
9 41126 1
9 41232 1
9 41490 1
9 42421 1
9 42606 1
9 42644 2
9 42864 2
9 43082 1
9 43113 1
9 43297 2
9 43362 1
9 43383 2
9 43386 3
9 43389 1
9 43390 1
9 43432 1
9 43456 1
9 43575 1
9 43676 2
9 43731 1
9 43844 1
9 43942 1
9 44053 1
9 44074 1
9 44079 1
9 44190 1
9 44322 1
9 44426 1
9 44436 1
9 45250 1
9 46286 1
9 47240 1
9 47822 1
9 47946 1
9 50712 1
9 51290 2
9 51342 1
9 51396 2
9 52291 1
9 53159 2
9 53289 1
9 53774 1
9 54141 2
9 55588 1
9 59798 1
9 60311 2
9 60332 1
9 61333 1
9 62549 1
9 64624 1
9 64633 2
9 65343 1
9 65435 1
9 65758 1
9 68033 1
9 68256 1
9 68702 1
9 68887 2
9 70587 1
9 70630 1
9 72550 1
9 72660 1
9 73609 1
9 74894 1
9 75713 1
9 76108 1
9 76170 1
9 76265 1
9 77175 1
9 78904 1
9 79265 1
9 80186 1
9 80988 1
9 82315 1
9 82389 1
9 82418 2
9 82539 1
9 83649 1
9 83734 1
9 84175 1
9 84574 1
9 85637 1
9 86848 1
9 87008 1
9 87328 1
9 87333 1
9 87727 2
9 88745 1
9 89312 2
9 90760 1
9 90763 1
9 91283 1
9 92181 1
9 92725 3
9 93965 1
9 94039 3
9 94379 1
9 94458 1
9 94462 1
9 95214 1
9 96014 1
9 96374 1
9 96435 3
9 96778 1
9 97308 6
9 99156 1
9 100372 1
9 100626 1
9 101085 1
9 102329 1
10 2115 1
10 2587 1
10 2740 1
10 2865 1
10 3294 1
10 4056 1
10 4640 1
10 4732 1
10 5330 1
10 5339 2
10 5340 1
10 5346 1
10 5918 1
10 6205 1
10 6371 1
10 6531 1
10 6685 1
10 6895 1
10 7140 1
10 8178 1
10 8775 1
10 9085 1
10 9301 1
10 9790 1
10 9864 1
10 10820 1
10 10909 1
10 11445 1
10 11722 2
10 11855 1
10 12060 1
10 12467 1
10 13067 1
10 13337 1
10 13680 1
10 13966 1
10 14395 4
10 15256 2
10 15900 3
10 16065 1
10 16259 1
10 16366 1
10 17340 2
10 17922 1
10 18200 1
10 18353 2
10 18447 1
10 18566 2
10 18828 1
10 21546 1
10 22924 1
10 23463 1
10 23947 1
10 23959 1
10 24133 1
10 24243 1
10 24376 4
10 24385 1
10 24410 1
10 24644 1
10 25952 9
10 27824 8
10 28007 2
10 28010 1
10 28051 2
10 29167 1
10 29925 1
10 30855 1
10 31357 5
10 31361 1
10 32229 2
10 33760 1
10 33827 1
10 33842 1
10 34793 1
10 35169 2
10 35405 1
10 35497 1
10 35686 1
10 36150 2
10 36153 1
10 36961 1
10 37033 2
10 37037 2
10 37100 1
10 37598 1
10 37851 1
10 37975 2
10 38492 1
10 39253 1
10 39516 2
10 39586 1
10 39844 1
10 40144 2
10 40235 2
10 40385 1
10 40652 1
10 41308 1
10 41378 1
10 41864 2
10 43293 1
10 43383 2
10 43478 1
10 44333 1
10 44340 1
10 52115 2
10 64689 1
10 83141 1
10 84652 1
10 86227 1
10 86452 1
10 90386 1
10 91310 1
10 96422 1
10 101097 1
